4294967278,87
4294967278,76
4294967278,73
4294967278,72
4294967278,70
4294967278,64
4294967278,63
4294967278,62
4294967278,61
4294967279,74
4294967279,72
4294967279,63
4294967279,60
4294967279,273
4294967294,186
4294967294,1357
4294967279,463
4294967294,89
4294967294,195
4294967294,1009
4294967294,1019
4294967294,193
4294967279,288
69,3
4294967279,267
4294967294,38
4294967294,37
4294967279,266
4294967279,462
4294967279,264
4294967279,263
113,5
113,4
4294967279,262
113,3
113,2
113,1
4294967279,461
4294967279,410
4294967294,107
4294967279,258
4294967278,325
4294967294,8
4294967294,393
4294967294,45
4294967294,430
4294967294,44
4294967294,51
4294967294,1359
4294967294,91
4294967294,87
4294967294,85
4294967279,40
4294967294,15
4294967294,422
75,5
73,5
4294967279,424
69,2
4294967279,390
63,5
4294967294,1361
4294967278,365
4294967278,347
4294967278,129
4294967278,126
4294967278,0
4294967278,114
4294967278,113
4294967278,112
4294967278,110
4294967278,105
4294967278,103
4294967278,102
4294967278,101
4294967278,99
4294967278,92
4294967278,91
4294967278,89
4294967278,85
4294967279,79
4294967279,77
4294967279,38
4294967279,25
4294967279,15
4294967279,5
4294967279,4
69,6
4294967278,254
69,5
69,4
4294967294,42
4294967294,76
59,2
4294967278,122
4294967278,317
4294967279,251
68,5
68,2
68,4
4294967278,251
4294967279,448
61,2
4294967294,92
4294967294,88
4294967294,520
4294967294,61
4294967294,30
4294967294,97
4294967294,80
4294967294,36
4294967294,39
4294967294,40
4294967294,166
4294967294,24
4294967294,184
4294967294,426
4294967294,1356
4294967294,52
4294967294,50
4294967279,248
4294967279,246
4294967278,244
4294967278,242
4294967278,240
4294967278,238
4294967278,232
4294967294,46
4294967278,226
4294967279,226
4294967278,224
4294967279,224
4294967278,222
4294967279,222
4294967278,220
4294967278,218
4294967294,7
4294967294,475
4294967294,206
4294967294,1355
4294967294,182
4294967294,81
4294967294,173
4294967294,170
4294967294,199
4294967294,190
4294967294,163
4294967294,200
4294967294,82
4294967294,83
4294967293,131
4294967293,130
4294967293,129
4294967293,128
4294967293,127
4294967293,126
4294967293,125
4294967293,124
4294967293,123
4294967293,122
4294967293,121
4294967293,120
4294967293,119
4294967293,118
4294967293,117
4294967293,116
4294967293,115
4294967293,114
4294967293,113
4294967293,112
4294967293,111
4294967293,110
4294967293,109
4294967293,108
4294967293,107
4294967293,106
4294967293,105
4294967293,104
4294967293,103
4294967293,102
4294967293,101
4294967293,100
4294967293,99
4294967293,98
4294967293,97
4294967293,96
4294967293,95
4294967293,94
4294967293,93
4294967293,92
4294967293,91
4294967293,90
4294967293,89
4294967293,87
4294967293,86
4294967293,85
4294967293,84
4294967293,83
4294967293,82
4294967293,81
4294967293,80
4294967293,79
4294967293,78
4294967293,77
4294967293,76
4294967293,75
4294967293,74
4294967293,73
4294967293,72
4294967293,71
4294967293,70
4294967293,69
4294967293,68
4294967293,67
4294967293,66
4294967293,65
4294967293,64
4294967293,63
4294967293,62
4294967293,61
4294967293,60
4294967293,59
4294967293,58
4294967293,57
4294967293,56
4294967293,55
4294967293,54
4294967293,53
4294967293,52
4294967293,51
4294967293,50
4294967293,49
4294967293,48
4294967293,47
4294967293,46
4294967293,45
4294967293,44
4294967293,43
4294967293,42
4294967293,41
4294967293,40
4294967293,39
4294967293,38
4294967293,37
4294967293,36
4294967293,35
4294967293,34
4294967293,33
4294967293,32
4294967293,31
4294967293,30
4294967293,29
4294967293,28
4294967293,27
4294967293,26
4294967293,25
4294967293,24
4294967293,23
4294967293,22
4294967293,21
4294967293,20
4294967293,19
4294967293,18
4294967293,17
4294967293,16
4294967293,15
4294967293,14
4294967293,13
4294967293,12
4294967293,11
4294967293,10
4294967293,9
4294967293,8
4294967293,7
4294967293,6
4294967293,5
4294967293,4
4294967293,3
4294967278,174
4294967278,306
4294967278,81
4294967278,383
4294967278,80
4294967278,382
4294967278,78
4294967278,381
4294967278,77
4294967278,303
4294967278,75
4294967278,299
4294967278,68
4294967278,67
4294967278,34
4294967278,379
4294967278,32
4294967278,377
4294967278,30
4294967278,25
4294967278,24
4294967278,21
4294967278,19
4294967278,18
4294967278,16
4294967278,15
4294967278,6
4294967278,5
4294967278,376
4294967279,132
4294967279,129
4294967279,125
4294967279,122
4294967279,121
4294967279,119
4294967279,245
4294967279,118
4294967279,115
4294967279,113
4294967279,112
4294967279,111
4294967279,110
4294967279,109
4294967279,108
4294967279,104
4294967279,215
4294967279,102
4294967279,101
4294967279,100
4294967279,99
4294967279,98
4294967279,97
4294967279,94
4294967279,92
4294967279,87
4294967279,82
4294967279,81
4294967279,301
4294967279,53
4294967279,51
4294967279,446
4294967279,444
0,5
4294967279,210
4294967279,209
4294967279,206
61,4
61,5
59,4
4294967294,438
4294967294,128
4294967279,460
4294967279,0
4294967279,91
4294967279,89
4294967279,407
4294967294,2
4294967278,394
4294967279,86
4294967279,200
4294967279,405
4294967279,199
4294967279,198
4294967294,0
111,6
111,5
111,4
111,3
111,2
111,1
4294967294,22
